J = 0.01;
b = 0.1;
Ke = 0.01;
Kt = 0.01;
R = 1;
L = 0.5;

bode([1], [0.5 6 10.01])
grid on